Иванов Иван Иванович 2003 1 1 5 4 3 5 4
Петров Петр Петрович 2002 2 2 4 4 5 3 3
Сидоров Алексей Николаевич 2004 1 3 3 5 4 4 5
Кузнецов Михаил Сергеевич 2001 3 1 5 5 4 3 4
Смирнова Анна Ивановна 2003 1 2 3 4 3 4 5
Волков Дмитрий Олегович 2002 2 3 5 5 5 5 5
Морозов Василий Александрович 2004 1 1 4 4 4 3 5
Федоров Егор Дмитриевич 2002 2 2 3 5 3 5 4
Белоусова Анастасия Михайловна 2003 1 1 5 4 4 4 5
Ковалев Павел Викторович 2001 3 1 4 3 5 4 5
Гончарова Наталья Сергеевна 2003 1 3 5 4 4 5 3
Титов Артем Иванович 2004 1 1 4 5 3 3 4
Фролова Ольга Дмитриевна 2002 2 2 5 5 5 5 5
Калинина Екатерина Викторовна 2004 1 3 3 4 3 4 5
Борисов Максим Николаевич 2001 3 2 5 4 4 5 4
Медведева Мария Петровна 2003 1 2 4 4 5 3 3
Николаев Сергей Александрович 2002 2 1 5 5 3 4 4
Соколова Елена Олеговна 2004 1 3 3 5 5 4 5
Орлов Виктор Павлович 2003 1 2 4 4 4 4 5
Шестакова Юлия Ивановна 2001 3 2 5 4 3 5 4
Зайцев Андрей Николаевич 2004 1 1 5 5 4 5 3
Киселева Татьяна Сергеевна 2002 2 3 4 4 5 3 4
Михайлов Илья Дмитриевич 2003 1 2 3 5 4 5 5
Громова Виктория Александровна 2001 3 1 5 4 3 3 4
Романов Александр Олегович 2002 2 1 4 3 5 4 5
Данилова Дарья Петровна 2004 1 2 3 5 4 4 3
Филиппов Кирилл Михайлович 2003 1 3 5 5 5 3 4
Ершова Полина Сергеевна 2001 3 2 4 4 4 5 5
Чернов Николай Иванович 2004 1 3 3 3 4 5 4
Попова Екатерина Дмитриевна 2003 1 1 5 4 3 3 4
Бабкина София Викторовна 2001 3 1 4 5 4 5 3
Тарасов Василий Александрович 2002 2 2 3 4 5 4 4
Копылова Мария Петровна 2004 1 3 5 5 4 3 5
Щербаков Артем Сергеевич 2003 1 2 4 4 5 5 4
Шишкина Ольга Ивановна 2002 2 3 5 3 3 4 5
Зимина Анна Дмитриевна 2001 3 2 4 4 4 4 4
Кравцов Дмитрий Александрович 2004 1 1 3 5 5 5 5
Самойлова Екатерина Викторовна 2003 1 2 5 4 3 5 4
Лебедев Николай Николаевич 2002 2 1 4 4 5 4 3
Евдокимова Татьяна Сергеевна 2004 1 3 3 5 4 3 5
Кравченко Игорь Андреевич 2003 2 4 4 5 3 5 4
Пономарева Алина Сергеевна 2004 1 5 3 4 4 5 5
Захаров Виктор Николаевич 2002 3 3 5 3 4 4 4
Гаврилова Ольга Васильевна 2001 4 2 4 5 5 3 5
Мартынов Алексей Владимирович 2003 1 2 5 4 3 4 4
Крылова Светлана Олеговна 2004 2 6 4 4 5 5 3
Гордеев Павел Александрович 2002 3 4 3 5 4 3 5
Алексеева Елизавета Ивановна 2001 4 3 4 5 4 5 5
Савин Дмитрий Никитич 2003 2 7 5 5 5 4 4
Рогова Анна Михайловна 2004 1 5 4 4 3 5 4
Семенов Михаил Павлович 2002 3 3 5 4 4 3 5
Ефремова Виктория Сергеевна 2001 4 4 3 5 4 5 5
Филатов Артем Игоревич 2003 2 8 4 5 3 5 4
Тихонова Ксения Алексеевна 2004 1 6 5 4 5 4 5
Шаров Илья Владимирович 2002 3 5 3 4 4 5 3
Белова Анастасия Павловна 2001 4 5 5 5 3 4 4
Сергеев Константин Дмитриевич 2003 2 9 4 5 5 5 4
Васильева Юлия Николаевна 2004 1 7 3 4 3 5 4
Зубов Кирилл Владимирович 2002 3 6 5 5 4 4 4
Королева София Андреевна 2001 4 6 4 3 5 5 5